6.000000000000000000e+02 1.258238163905485714e-07
8.000000000000000000e+02 1.253943986600143513e-07
9.000000000000000000e+02 1.264126661821632906e-07
1.000000000000000000e+03 1.263593460427352321e-07
1.050000000000000000e+03 1.258085817421701101e-07
1.100000000000000000e+03 1.256437262616632429e-07
1.120000000000000000e+03 1.256273086275447104e-07
1.140000000000000000e+03 1.256157801546035247e-07
1.150000000000000000e+03 1.256098004022549013e-07
1.160000000000000000e+03 1.256036418642567921e-07
1.170000000000000000e+03 1.255975928266828349e-07
1.180000000000000000e+03 1.255914593210143699e-07
1.200000000000000000e+03 1.255790234759876432e-07
1.250000000000000000e+03 1.255486500896091862e-07
1.300000000000000000e+03 1.255599836939456769e-07
1.400000000000000000e+03 1.257312805038855398e-07
1.500000000000000000e+03 1.259889093633429005e-07
1.600000000000000000e+03 1.257734303589675822e-07
1.700000000000000000e+03 1.256700570979040200e-07
1.800000000000000000e+03 1.254594422036022366e-07
