6.000000000000000000e+02 1.262605983314071123e-07
8.000000000000000000e+02 1.266409130952695586e-07
9.000000000000000000e+02 1.272614025696407673e-07
1.000000000000000000e+03 1.291746542017752182e-07
1.050000000000000000e+03 1.318763182004677355e-07
1.100000000000000000e+03 1.390956781711400558e-07
1.120000000000000000e+03 1.452328096963231373e-07
1.140000000000000000e+03 1.542395263577909103e-07
1.150000000000000000e+03 1.593013421730245862e-07
1.160000000000000000e+03 1.634494357738614897e-07
1.170000000000000000e+03 1.652629999602174984e-07
1.180000000000000000e+03 1.638738560264566333e-07
1.200000000000000000e+03 1.545078327041569077e-07
1.250000000000000000e+03 1.359686848775882149e-07
1.300000000000000000e+03 1.303217718589335852e-07
1.400000000000000000e+03 1.275287488300873805e-07
1.500000000000000000e+03 1.269160069596994912e-07
1.600000000000000000e+03 1.267184629408602346e-07
1.700000000000000000e+03 1.266614388136462428e-07
1.800000000000000000e+03 1.266387547217038159e-07
