6.000000000000000000e+02 1.257247865258116240e-07
8.000000000000000000e+02 1.268729296918285670e-07
9.000000000000000000e+02 1.287567174029647001e-07
1.000000000000000000e+03 1.344273626595513161e-07
1.050000000000000000e+03 1.420824418720086927e-07
1.100000000000000000e+03 1.600878719092809808e-07
1.120000000000000000e+03 1.727873073343965366e-07
1.140000000000000000e+03 1.883589697119339908e-07
1.150000000000000000e+03 1.958576404747151654e-07
1.160000000000000000e+03 2.016808684625450143e-07
1.170000000000000000e+03 2.045699798597486999e-07
1.180000000000000000e+03 2.037863183602689317e-07
1.200000000000000000e+03 1.928469486377487378e-07
1.250000000000000000e+03 1.580377133824405835e-07
1.300000000000000000e+03 1.416780018174082976e-07
1.400000000000000000e+03 1.316013495126254882e-07
1.500000000000000000e+03 1.288743805831488539e-07
1.600000000000000000e+03 1.278514775420397369e-07
1.700000000000000000e+03 1.273924119925567964e-07
1.800000000000000000e+03 1.271696774790130792e-07
