6.000000000000000000e+02 1.253774239351207184e-07
8.000000000000000000e+02 1.269293579098867716e-07
9.000000000000000000e+02 1.294754972916514061e-07
1.000000000000000000e+03 1.370850228899617020e-07
1.050000000000000000e+03 1.472039866663057108e-07
1.100000000000000000e+03 1.703097801957472929e-07
1.120000000000000000e+03 1.860220787781274669e-07
1.140000000000000000e+03 2.046299575614389307e-07
1.150000000000000000e+03 2.133242738052938066e-07
1.160000000000000000e+03 2.199361891178131399e-07
1.170000000000000000e+03 2.231271273815191715e-07
1.180000000000000000e+03 2.221469294191308194e-07
1.200000000000000000e+03 2.094817241451846772e-07
1.250000000000000000e+03 1.675000778535904107e-07
1.300000000000000000e+03 1.466020459771095033e-07
1.400000000000000000e+03 1.333001606811595247e-07
1.500000000000000000e+03 1.296367882154513633e-07
1.600000000000000000e+03 1.282548674914973262e-07
1.700000000000000000e+03 1.276345373193221359e-07
1.800000000000000000e+03 1.273318796843646664e-07
