6.000000000000000000e+02 1.262588765875868541e-07
8.000000000000000000e+02 1.266225021608302238e-07
9.000000000000000000e+02 1.272084437632069956e-07
1.000000000000000000e+03 1.290140438274672441e-07
1.050000000000000000e+03 1.314646620414830261e-07
1.100000000000000000e+03 1.374987547064057450e-07
1.120000000000000000e+03 1.422005880964736960e-07
1.140000000000000000e+03 1.481279583915060873e-07
1.150000000000000000e+03 1.510954339408350167e-07
1.160000000000000000e+03 1.531813409272810236e-07
1.170000000000000000e+03 1.538060219255243581e-07
1.180000000000000000e+03 1.526933924465484331e-07
1.200000000000000000e+03 1.469395425224602422e-07
1.250000000000000000e+03 1.341951533203720448e-07
1.300000000000000000e+03 1.297222317951188200e-07
1.400000000000000000e+03 1.273346350779191377e-07
1.500000000000000000e+03 1.268306442940137502e-07
1.600000000000000000e+03 1.266520684063499712e-07
1.700000000000000000e+03 1.266285498625539727e-07
1.800000000000000000e+03 1.265977573814748652e-07
