6.000000000000000000e+02 1.264700415037099367e-07
8.000000000000000000e+02 1.267605101109727265e-07
9.000000000000000000e+02 1.272379168110095663e-07
1.000000000000000000e+03 1.286984470194287775e-07
1.050000000000000000e+03 1.307347603401944666e-07
1.100000000000000000e+03 1.358560065364692346e-07
1.120000000000000000e+03 1.397877643356189366e-07
1.140000000000000000e+03 1.450432135952082146e-07
1.150000000000000000e+03 1.477778187603159539e-07
1.160000000000000000e+03 1.500196379796205459e-07
1.170000000000000000e+03 1.512061901724922628e-07
1.180000000000000000e+03 1.509687345502671933e-07
1.200000000000000000e+03 1.469141591265830742e-07
1.250000000000000000e+03 1.353640722465481465e-07
1.300000000000000000e+03 1.306580080410087630e-07
1.400000000000000000e+03 1.279685444687760243e-07
1.500000000000000000e+03 1.272672110691683350e-07
1.600000000000000000e+03 1.270074775413088757e-07
1.700000000000000000e+03 1.268914436336637465e-07
1.800000000000000000e+03 1.268352157204279347e-07
