6.000000000000000000e+02 1.256306802951283007e-07
8.000000000000000000e+02 1.255468165392034660e-07
9.000000000000000000e+02 1.255769457907550450e-07
1.000000000000000000e+03 1.256596265807866375e-07
1.050000000000000000e+03 1.257203602379896287e-07
1.100000000000000000e+03 1.257950865037873145e-07
1.120000000000000000e+03 1.258282310665334563e-07
1.140000000000000000e+03 1.258638326731084634e-07
1.150000000000000000e+03 1.258816715917535086e-07
1.160000000000000000e+03 1.259008015450692779e-07
1.170000000000000000e+03 1.259196854167269495e-07
1.180000000000000000e+03 1.259389535631321883e-07
1.200000000000000000e+03 1.259808465464091410e-07
1.250000000000000000e+03 1.260948795021539831e-07
1.300000000000000000e+03 1.262223761847431179e-07
1.400000000000000000e+03 1.265140749916625732e-07
1.500000000000000000e+03 1.268501874150208566e-07
1.600000000000000000e+03 1.272247715944353535e-07
1.700000000000000000e+03 1.276289204995554272e-07
1.800000000000000000e+03 1.280549381230625624e-07
