6.000000000000000000e+02 1.260240194024762349e-07
8.000000000000000000e+02 1.268257761553279307e-07
9.000000000000000000e+02 1.281412237967905236e-07
1.000000000000000000e+03 1.321282715818647906e-07
1.050000000000000000e+03 1.375798598212897199e-07
1.100000000000000000e+03 1.507428393577196030e-07
1.120000000000000000e+03 1.603380734017693953e-07
1.140000000000000000e+03 1.724939722923796403e-07
1.150000000000000000e+03 1.785190634700356841e-07
1.160000000000000000e+03 1.832926707707801756e-07
1.170000000000000000e+03 1.857215191977591405e-07
1.180000000000000000e+03 1.851348090651747831e-07
1.200000000000000000e+03 1.763090167885935758e-07
1.250000000000000000e+03 1.493361393008652386e-07
1.300000000000000000e+03 1.373238081350311447e-07
1.400000000000000000e+03 1.301389876171576326e-07
1.500000000000000000e+03 1.282243504166200336e-07
1.600000000000000000e+03 1.275089081777032946e-07
1.700000000000000000e+03 1.271890115521778419e-07
1.800000000000000000e+03 1.270334625062494424e-07
