6.000000000000000000e+02 1.262655774188879693e-07
8.000000000000000000e+02 1.266969735306150226e-07
9.000000000000000000e+02 1.274073104162144244e-07
1.000000000000000000e+03 1.295992907437004478e-07
1.050000000000000000e+03 1.327284266052964203e-07
1.100000000000000000e+03 1.411481093538031071e-07
1.120000000000000000e+03 1.482752854606546836e-07
1.140000000000000000e+03 1.588520427377809093e-07
1.150000000000000000e+03 1.648576460919628362e-07
1.160000000000000000e+03 1.699788216044619833e-07
1.170000000000000000e+03 1.725631490796668560e-07
1.180000000000000000e+03 1.714939159054770787e-07
1.200000000000000000e+03 1.611794461332810513e-07
1.250000000000000000e+03 1.388802404663971003e-07
1.300000000000000000e+03 1.317211034786037859e-07
1.400000000000000000e+03 1.280725268184006785e-07
1.500000000000000000e+03 1.272066204131437678e-07
1.600000000000000000e+03 1.269120083553544827e-07
1.700000000000000000e+03 1.267948529840545660e-07
1.800000000000000000e+03 1.267482373727621574e-07
