6.000000000000000000e+02 1.267197867264397586e-07
8.000000000000000000e+02 1.267270597367958669e-07
9.000000000000000000e+02 1.267407845504462075e-07
1.000000000000000000e+03 1.267803509158082110e-07
1.050000000000000000e+03 1.268384705920469645e-07
1.100000000000000000e+03 1.269869636297502778e-07
1.120000000000000000e+03 1.271045880167145144e-07
1.140000000000000000e+03 1.272673098597571092e-07
1.150000000000000000e+03 1.273544456050604526e-07
1.160000000000000000e+03 1.274274993417779832e-07
1.170000000000000000e+03 1.274672529065198330e-07
1.180000000000000000e+03 1.274602657588527010e-07
1.200000000000000000e+03 1.273298663657094988e-07
1.250000000000000000e+03 1.269738029453330588e-07
1.300000000000000000e+03 1.268365658232329061e-07
1.400000000000000000e+03 1.267600456739065689e-07
1.500000000000000000e+03 1.267404225003078760e-07
1.600000000000000000e+03 1.267331714848387860e-07
1.700000000000000000e+03 1.267297569367787471e-07
1.800000000000000000e+03 1.267283044222905647e-07
