6.000000000000000000e+02 1.262898949340592966e-07
8.000000000000000000e+02 1.269557533545068658e-07
9.000000000000000000e+02 1.280286419966794583e-07
1.000000000000000000e+03 1.311097424309718239e-07
1.050000000000000000e+03 1.349312427282097725e-07
1.100000000000000000e+03 1.425663224033399215e-07
1.120000000000000000e+03 1.470533662899476538e-07
1.140000000000000000e+03 1.518316047610222030e-07
1.150000000000000000e+03 1.539407920327801768e-07
1.160000000000000000e+03 1.555665725287813229e-07
1.170000000000000000e+03 1.564966685566995817e-07
1.180000000000000000e+03 1.566003902117378530e-07
1.200000000000000000e+03 1.544444304898710772e-07
1.250000000000000000e+03 1.437390119601418106e-07
1.300000000000000000e+03 1.362857197379141859e-07
1.400000000000000000e+03 1.304517497954878145e-07
1.500000000000000000e+03 1.286025927288227819e-07
1.600000000000000000e+03 1.278408977416241009e-07
1.700000000000000000e+03 1.274689593223479684e-07
1.800000000000000000e+03 1.272657607595043468e-07
