6.000000000000000000e+02 1.266609709028031008e-07
8.000000000000000000e+02 1.267336953545248531e-07
9.000000000000000000e+02 1.268536172551155167e-07
1.000000000000000000e+03 1.272216660687156855e-07
1.050000000000000000e+03 1.277391457054053854e-07
1.100000000000000000e+03 1.290634722674617578e-07
1.120000000000000000e+03 1.301039556004015770e-07
1.140000000000000000e+03 1.315307619640702374e-07
1.150000000000000000e+03 1.322905167381009842e-07
1.160000000000000000e+03 1.329239591054764235e-07
1.170000000000000000e+03 1.332652524745764238e-07
1.180000000000000000e+03 1.332026871280910300e-07
1.200000000000000000e+03 1.320668419233864224e-07
1.250000000000000000e+03 1.289420302877548472e-07
1.300000000000000000e+03 1.277212615030168716e-07
1.400000000000000000e+03 1.270374254641892035e-07
1.500000000000000000e+03 1.268607577537797604e-07
1.600000000000000000e+03 1.267954894115635601e-07
1.700000000000000000e+03 1.267665167553439376e-07
1.800000000000000000e+03 1.267523084679717021e-07
