6.000000000000000000e+02 1.335417572025393263e-07
8.000000000000000000e+02 1.335729417265881432e-07
9.000000000000000000e+02 1.336240432799408187e-07
1.000000000000000000e+03 1.337867620302581501e-07
1.050000000000000000e+03 1.340266565279920411e-07
1.100000000000000000e+03 1.347530335626154066e-07
1.120000000000000000e+03 1.355061846658391019e-07
1.140000000000000000e+03 1.369661180232564161e-07
1.150000000000000000e+03 1.380843413947944338e-07
1.160000000000000000e+03 1.393174618428922605e-07
1.170000000000000000e+03 1.401268597553299437e-07
1.180000000000000000e+03 1.398995198008230690e-07
1.200000000000000000e+03 1.374896539792649093e-07
1.250000000000000000e+03 1.344847566045857186e-07
1.300000000000000000e+03 1.338918437689571345e-07
1.400000000000000000e+03 1.336375985080660777e-07
1.500000000000000000e+03 1.335863647359494064e-07
1.600000000000000000e+03 1.335707193090222478e-07
1.700000000000000000e+03 1.335662177799515768e-07
1.800000000000000000e+03 1.335650752335799224e-07
