6.000000000000000000e+02 1.241090826402464459e-07
8.000000000000000000e+02 1.241149247909236176e-07
9.000000000000000000e+02 1.241232956392715054e-07
1.000000000000000000e+03 1.241488532014630856e-07
1.050000000000000000e+03 1.241821907365758218e-07
1.100000000000000000e+03 1.242936866558130230e-07
1.120000000000000000e+03 1.244114433944063670e-07
1.140000000000000000e+03 1.246454006623334002e-07
1.150000000000000000e+03 1.248286752603226835e-07
1.160000000000000000e+03 1.250333876129262288e-07
1.170000000000000000e+03 1.251641714168702891e-07
1.180000000000000000e+03 1.251118056062257118e-07
1.200000000000000000e+03 1.247020773972678113e-07
1.250000000000000000e+03 1.242455902251382948e-07
1.300000000000000000e+03 1.241603035338559438e-07
1.400000000000000000e+03 1.241243742707309871e-07
1.500000000000000000e+03 1.241177732284588915e-07
1.600000000000000000e+03 1.241160710157930788e-07
1.700000000000000000e+03 1.241159624870240317e-07
1.800000000000000000e+03 1.241161585768159526e-07
