6.000000000000000000e+02 1.298643747872926771e-07
8.000000000000000000e+02 1.298718162159331902e-07
9.000000000000000000e+02 1.298832143278245753e-07
1.000000000000000000e+03 1.299185144044914229e-07
1.050000000000000000e+03 1.299705959420039286e-07
1.100000000000000000e+03 1.301255404446265023e-07
1.120000000000000000e+03 1.302920900620815810e-07
1.140000000000000000e+03 1.306243839457117349e-07
1.150000000000000000e+03 1.308873371439970346e-07
1.160000000000000000e+03 1.311862899043671884e-07
1.170000000000000000e+03 1.313872446505063966e-07
1.180000000000000000e+03 1.313282180035356675e-07
1.200000000000000000e+03 1.307409766978187612e-07
1.250000000000000000e+03 1.300652186081281684e-07
1.300000000000000000e+03 1.299384744150084057e-07
1.400000000000000000e+03 1.298852846237803402e-07
1.500000000000000000e+03 1.298749390938365933e-07
1.600000000000000000e+03 1.298719488182115492e-07
1.700000000000000000e+03 1.298714796767862095e-07
1.800000000000000000e+03 1.298716088996151584e-07
