6.000000000000000000e+02 1.334631914029796172e-07
8.000000000000000000e+02 1.335837883829157084e-07
9.000000000000000000e+02 1.337850125449724158e-07
1.000000000000000000e+03 1.344277566679422626e-07
1.050000000000000000e+03 1.353643304035636063e-07
1.100000000000000000e+03 1.380858214978231758e-07
1.120000000000000000e+03 1.407032917821355422e-07
1.140000000000000000e+03 1.452657098960269758e-07
1.150000000000000000e+03 1.483529486804316267e-07
1.160000000000000000e+03 1.513644228532645159e-07
1.170000000000000000e+03 1.530610286768040664e-07
1.180000000000000000e+03 1.523728834925972876e-07
1.200000000000000000e+03 1.463031753470113025e-07
1.250000000000000000e+03 1.370023219012980845e-07
1.300000000000000000e+03 1.348204022618643795e-07
1.400000000000000000e+03 1.338418592834272096e-07
1.500000000000000000e+03 1.336397214643778373e-07
1.600000000000000000e+03 1.335767006737096536e-07
1.700000000000000000e+03 1.335592146205813031e-07
1.800000000000000000e+03 1.335557140434417289e-07
