6.000000000000000000e+02 1.249208612492738913e-07
8.000000000000000000e+02 1.263323517483669218e-07
9.000000000000000000e+02 1.286113068839602594e-07
1.000000000000000000e+03 1.347505620855973506e-07
1.050000000000000000e+03 1.416170767978958790e-07
1.100000000000000000e+03 1.526672698042873199e-07
1.120000000000000000e+03 1.575936975407610148e-07
1.140000000000000000e+03 1.613758928883555626e-07
1.150000000000000000e+03 1.623803339685861117e-07
1.160000000000000000e+03 1.625975751717440610e-07
1.170000000000000000e+03 1.619779947078592146e-07
1.180000000000000000e+03 1.605759028705971225e-07
1.200000000000000000e+03 1.560552800169600746e-07
1.250000000000000000e+03 1.430660679013731783e-07
1.300000000000000000e+03 1.349320624577647091e-07
1.400000000000000000e+03 1.287244984982614551e-07
1.500000000000000000e+03 1.269630733873403286e-07
1.600000000000000000e+03 1.264426014281285924e-07
1.700000000000000000e+03 1.263745668773911431e-07
1.800000000000000000e+03 1.261012141289788524e-07
