6.000000000000000000e+02 1.294241931352701228e-07
8.000000000000000000e+02 1.298428694942548764e-07
9.000000000000000000e+02 1.305271541056221407e-07
1.000000000000000000e+03 1.326454097184193675e-07
1.050000000000000000e+03 1.355476865703487778e-07
1.100000000000000000e+03 1.427344857335807705e-07
1.120000000000000000e+03 1.481958388286173727e-07
1.140000000000000000e+03 1.553667960901570937e-07
1.150000000000000000e+03 1.588915053663110401e-07
1.160000000000000000e+03 1.614794310638472141e-07
1.170000000000000000e+03 1.623344677568003567e-07
1.180000000000000000e+03 1.610928530037739236e-07
1.200000000000000000e+03 1.542230941391857385e-07
1.250000000000000000e+03 1.389661642376548541e-07
1.300000000000000000e+03 1.335299516843145162e-07
1.400000000000000000e+03 1.306883398051984905e-07
1.500000000000000000e+03 1.300544006494639181e-07
1.600000000000000000e+03 1.298477812559327111e-07
1.700000000000000000e+03 1.297988078297653050e-07
1.800000000000000000e+03 1.297800379127168748e-07
