6.000000000000000000e+02 1.240855905478770421e-07
8.000000000000000000e+02 1.241065121765677939e-07
9.000000000000000000e+02 1.241380004299064335e-07
1.000000000000000000e+03 1.242373057637848260e-07
1.050000000000000000e+03 1.243790927584263604e-07
1.100000000000000000e+03 1.248159152175259291e-07
1.120000000000000000e+03 1.252692598644684271e-07
1.140000000000000000e+03 1.261439006903145961e-07
1.150000000000000000e+03 1.268059907020734170e-07
1.160000000000000000e+03 1.275177614236956449e-07
1.170000000000000000e+03 1.279472472199366544e-07
1.180000000000000000e+03 1.277570478089278554e-07
1.200000000000000000e+03 1.263254677670514786e-07
1.250000000000000000e+03 1.246238067769811280e-07
1.300000000000000000e+03 1.242891750438153550e-07
1.400000000000000000e+03 1.241447321446001293e-07
1.500000000000000000e+03 1.241171996215712323e-07
1.600000000000000000e+03 1.241090791886932238e-07
1.700000000000000000e+03 1.241065110495612085e-07
1.800000000000000000e+03 1.241062550021254025e-07
