6.000000000000000000e+02 1.298426979482874703e-07
8.000000000000000000e+02 1.298700167190616108e-07
9.000000000000000000e+02 1.299138972127650196e-07
1.000000000000000000e+03 1.300531306186989656e-07
1.050000000000000000e+03 1.302575625201434513e-07
1.100000000000000000e+03 1.308760214423440939e-07
1.120000000000000000e+03 1.315187444965665264e-07
1.140000000000000000e+03 1.327631507368241643e-07
1.150000000000000000e+03 1.337133601515918818e-07
1.160000000000000000e+03 1.347539908392207163e-07
1.170000000000000000e+03 1.354207377098152817e-07
1.180000000000000000e+03 1.352023355771491849e-07
1.200000000000000000e+03 1.331505821349418426e-07
1.250000000000000000e+03 1.306332698266940175e-07
1.300000000000000000e+03 1.301375494991362686e-07
1.400000000000000000e+03 1.299245619483893227e-07
1.500000000000000000e+03 1.298822762163824741e-07
1.600000000000000000e+03 1.298694870864490324e-07
1.700000000000000000e+03 1.298659743710091573e-07
1.800000000000000000e+03 1.298649175748485928e-07
