6.000000000000000000e+02 1.266964399025980334e-07
8.000000000000000000e+02 1.267202359220904604e-07
9.000000000000000000e+02 1.267576228890094727e-07
1.000000000000000000e+03 1.268756865770746298e-07
1.050000000000000000e+03 1.270460563547025405e-07
1.100000000000000000e+03 1.275693767078647026e-07
1.120000000000000000e+03 1.281124464064946642e-07
1.140000000000000000e+03 1.291618605846172405e-07
1.150000000000000000e+03 1.299601396692345195e-07
1.160000000000000000e+03 1.308270922234292659e-07
1.170000000000000000e+03 1.313674428247506368e-07
1.180000000000000000e+03 1.311617730807445710e-07
1.200000000000000000e+03 1.294359874403929708e-07
1.250000000000000000e+03 1.273523906272751457e-07
1.300000000000000000e+03 1.269424238481935663e-07
1.400000000000000000e+03 1.267660574255493329e-07
1.500000000000000000e+03 1.267316494070468942e-07
1.600000000000000000e+03 1.267213551550977720e-07
1.700000000000000000e+03 1.267181180691844482e-07
1.800000000000000000e+03 1.267177289120101445e-07
