6.000000000000000000e+02 1.215243039425593220e-07
8.000000000000000000e+02 1.217952022154720573e-07
9.000000000000000000e+02 1.221996211928339299e-07
1.000000000000000000e+03 1.234524712032885167e-07
1.050000000000000000e+03 1.251531550996767086e-07
1.100000000000000000e+03 1.293233388377146662e-07
1.120000000000000000e+03 1.324607364809957648e-07
1.140000000000000000e+03 1.365246826629817648e-07
1.150000000000000000e+03 1.384594974965546545e-07
1.160000000000000000e+03 1.398060730232884312e-07
1.170000000000000000e+03 1.401313212134544987e-07
1.180000000000000000e+03 1.392780395422213061e-07
1.200000000000000000e+03 1.352614719898328792e-07
1.250000000000000000e+03 1.268027356292728390e-07
1.300000000000000000e+03 1.238379306236604704e-07
1.400000000000000000e+03 1.223048565272370769e-07
1.500000000000000000e+03 1.219805960250551841e-07
1.600000000000000000e+03 1.218752689235214688e-07
1.700000000000000000e+03 1.218606032617784946e-07
1.800000000000000000e+03 1.218484469486859504e-07
