6.000000000000000000e+02 1.200781916585123741e-07
8.000000000000000000e+02 1.211377300373049283e-07
9.000000000000000000e+02 1.227498060298429775e-07
1.000000000000000000e+03 1.270222088862233065e-07
1.050000000000000000e+03 1.318053600049291398e-07
1.100000000000000000e+03 1.393817536337814188e-07
1.120000000000000000e+03 1.426956524944663399e-07
1.140000000000000000e+03 1.451547647475403474e-07
1.150000000000000000e+03 1.457548899541504724e-07
1.160000000000000000e+03 1.458110633525332843e-07
1.170000000000000000e+03 1.452999266630983733e-07
1.180000000000000000e+03 1.442689359964485885e-07
1.200000000000000000e+03 1.411010375426083689e-07
1.250000000000000000e+03 1.323272159693155503e-07
1.300000000000000000e+03 1.269296640089511376e-07
1.400000000000000000e+03 1.228665837444130334e-07
1.500000000000000000e+03 1.217968473224890437e-07
1.600000000000000000e+03 1.214125036618801216e-07
1.700000000000000000e+03 1.214187381014400431e-07
1.800000000000000000e+03 1.221820970045373268e-07
