6.000000000000000000e+02 1.319463267808767628e-07
8.000000000000000000e+02 1.338106900864999244e-07
9.000000000000000000e+02 1.369200100290567979e-07
1.000000000000000000e+03 1.453743392140336593e-07
1.050000000000000000e+03 1.548289582302748232e-07
1.100000000000000000e+03 1.702177994860375187e-07
1.120000000000000000e+03 1.771837520534749177e-07
1.140000000000000000e+03 1.826750181814802223e-07
1.150000000000000000e+03 1.842247495948556875e-07
1.160000000000000000e+03 1.846895824230041119e-07
1.170000000000000000e+03 1.839826538680630009e-07
1.180000000000000000e+03 1.821615049512752416e-07
1.200000000000000000e+03 1.760095728805700075e-07
1.250000000000000000e+03 1.577316527361881056e-07
1.300000000000000000e+03 1.460887055128827847e-07
1.400000000000000000e+03 1.371039805415957665e-07
1.500000000000000000e+03 1.345045866166258038e-07
1.600000000000000000e+03 1.336883817627238452e-07
1.700000000000000000e+03 1.334006408910157772e-07
1.800000000000000000e+03 1.333690967940264581e-07
