6.000000000000000000e+02 1.218979173670503596e-07
8.000000000000000000e+02 1.219655290136660896e-07
9.000000000000000000e+02 1.220680475528524920e-07
1.000000000000000000e+03 1.223922784637544869e-07
1.050000000000000000e+03 1.228562102688555822e-07
1.100000000000000000e+03 1.242022575911046374e-07
1.120000000000000000e+03 1.255018683925710302e-07
1.140000000000000000e+03 1.277337006010098400e-07
1.150000000000000000e+03 1.292131509161368285e-07
1.160000000000000000e+03 1.305950317512895499e-07
1.170000000000000000e+03 1.312658299176227084e-07
1.180000000000000000e+03 1.307804371433687246e-07
1.200000000000000000e+03 1.278040570456755295e-07
1.250000000000000000e+03 1.235363346567661027e-07
1.300000000000000000e+03 1.225426639221442384e-07
1.400000000000000000e+03 1.220963732326090778e-07
1.500000000000000000e+03 1.220111271216026214e-07
1.600000000000000000e+03 1.219853695620797400e-07
1.700000000000000000e+03 1.219806067158819778e-07
1.800000000000000000e+03 1.219790858194298381e-07
