6.000000000000000000e+02 1.220157484088223690e-07
8.000000000000000000e+02 1.220210064713650735e-07
9.000000000000000000e+02 1.220282396003549626e-07
1.000000000000000000e+03 1.220495322557537972e-07
1.050000000000000000e+03 1.220766082701196764e-07
1.100000000000000000e+03 1.221682566244548850e-07
1.120000000000000000e+03 1.222651041973183600e-07
1.140000000000000000e+03 1.224578101045804542e-07
1.150000000000000000e+03 1.226082509620823243e-07
1.160000000000000000e+03 1.227746579745449289e-07
1.170000000000000000e+03 1.228768941276608701e-07
1.180000000000000000e+03 1.228291299001270493e-07
1.200000000000000000e+03 1.224935019757804213e-07
1.250000000000000000e+03 1.221264083817286480e-07
1.300000000000000000e+03 1.220577004315535628e-07
1.400000000000000000e+03 1.220288330854903108e-07
1.500000000000000000e+03 1.220237939868681589e-07
1.600000000000000000e+03 1.220225003111147181e-07
1.700000000000000000e+03 1.220225652283621642e-07
1.800000000000000000e+03 1.220227981482516127e-07
