6.000000000000000000e+02 1.335623638112889593e-07
8.000000000000000000e+02 1.335707724214394882e-07
9.000000000000000000e+02 1.335840006086473962e-07
1.000000000000000000e+03 1.336251684569460659e-07
1.050000000000000000e+03 1.336855405002255995e-07
1.100000000000000000e+03 1.338674603076871976e-07
1.120000000000000000e+03 1.340633730037356574e-07
1.140000000000000000e+03 1.344527881624793868e-07
1.150000000000000000e+03 1.347628273525413677e-07
1.160000000000000000e+03 1.351168508818390828e-07
1.170000000000000000e+03 1.353602971414640391e-07
1.180000000000000000e+03 1.352993450041964463e-07
1.200000000000000000e+03 1.346089799413530714e-07
1.250000000000000000e+03 1.338019269680335548e-07
1.300000000000000000e+03 1.336503216828470541e-07
1.400000000000000000e+03 1.335867241655729399e-07
1.500000000000000000e+03 1.335741369269219905e-07
1.600000000000000000e+03 1.335704186561727389e-07
1.700000000000000000e+03 1.335696930203206867e-07
1.800000000000000000e+03 1.335697746723084186e-07
