6.000000000000000000e+02 1.281516433558854956e-07
8.000000000000000000e+02 1.297765731746519444e-07
9.000000000000000000e+02 1.324497763292791940e-07
1.000000000000000000e+03 1.396888841581696423e-07
1.050000000000000000e+03 1.477850203630919913e-07
1.100000000000000000e+03 1.608931614871154778e-07
1.120000000000000000e+03 1.667847563593028886e-07
1.140000000000000000e+03 1.713721657255758314e-07
1.150000000000000000e+03 1.726309823472083541e-07
1.160000000000000000e+03 1.729604665575405427e-07
1.170000000000000000e+03 1.722939349497047684e-07
1.180000000000000000e+03 1.706877751386243308e-07
1.200000000000000000e+03 1.653849835861247629e-07
1.250000000000000000e+03 1.498885631359211033e-07
1.300000000000000000e+03 1.401001828514583393e-07
1.400000000000000000e+03 1.325869362258964351e-07
1.500000000000000000e+03 1.304330671092416462e-07
1.600000000000000000e+03 1.297741240833562288e-07
1.700000000000000000e+03 1.295779529325340497e-07
1.800000000000000000e+03 1.295903881244332583e-07
