6.000000000000000000e+02 1.219916795450820847e-07
8.000000000000000000e+02 1.220098642219192192e-07
9.000000000000000000e+02 1.220361549441466225e-07
1.000000000000000000e+03 1.221187841519965887e-07
1.050000000000000000e+03 1.222351128843523371e-07
1.100000000000000000e+03 1.225951026535951262e-07
1.120000000000000000e+03 1.229700949837928410e-07
1.140000000000000000e+03 1.236895554303859289e-07
1.150000000000000000e+03 1.242306173223860696e-07
1.160000000000000000e+03 1.248059510339747499e-07
1.170000000000000000e+03 1.251407084793769680e-07
1.180000000000000000e+03 1.249682308489039090e-07
1.200000000000000000e+03 1.237973468664541864e-07
1.250000000000000000e+03 1.224276010254860548e-07
1.300000000000000000e+03 1.221567454388326571e-07
1.400000000000000000e+03 1.220416382101769179e-07
1.500000000000000000e+03 1.220199878090577165e-07
1.600000000000000000e+03 1.220137497065683744e-07
1.700000000000000000e+03 1.220117730234405959e-07
1.800000000000000000e+03 1.220116109969921721e-07
