6.000000000000000000e+02 1.297601635058416978e-07
8.000000000000000000e+02 1.298648888464878510e-07
9.000000000000000000e+02 1.300368325012995499e-07
1.000000000000000000e+03 1.305865146384262691e-07
1.050000000000000000e+03 1.313849932369973397e-07
1.100000000000000000e+03 1.337043568959387354e-07
1.120000000000000000e+03 1.359374516658349475e-07
1.140000000000000000e+03 1.398202765514408017e-07
1.150000000000000000e+03 1.424376448354845798e-07
1.160000000000000000e+03 1.449687639943465284e-07
1.170000000000000000e+03 1.463534955258876672e-07
1.180000000000000000e+03 1.457080897422120662e-07
1.200000000000000000e+03 1.405316539863281400e-07
1.250000000000000000e+03 1.327276488142087689e-07
1.300000000000000000e+03 1.309020727504597162e-07
1.400000000000000000e+03 1.300832450753455158e-07
1.500000000000000000e+03 1.299164608262557960e-07
1.600000000000000000e+03 1.298647762739088954e-07
1.700000000000000000e+03 1.298511717026406179e-07
1.800000000000000000e+03 1.298481991071077857e-07
