6.000000000000000000e+02 1.239968189154874204e-07
8.000000000000000000e+02 1.240731698250562602e-07
9.000000000000000000e+02 1.241966211516827016e-07
1.000000000000000000e+03 1.245874184120635923e-07
1.050000000000000000e+03 1.251499538280185338e-07
1.100000000000000000e+03 1.267829111254236088e-07
1.120000000000000000e+03 1.283576682462355784e-07
1.140000000000000000e+03 1.310766796532951279e-07
1.150000000000000000e+03 1.328911658136509933e-07
1.160000000000000000e+03 1.346087424609127417e-07
1.170000000000000000e+03 1.354821299437741285e-07
1.180000000000000000e+03 1.349394320398301033e-07
1.200000000000000000e+03 1.313096082786398624e-07
1.250000000000000000e+03 1.260162987380985055e-07
1.300000000000000000e+03 1.247826718537059629e-07
1.400000000000000000e+03 1.242290499686890197e-07
1.500000000000000000e+03 1.241204158928354058e-07
1.600000000000000000e+03 1.240873446313897361e-07
1.700000000000000000e+03 1.240800477763504517e-07
1.800000000000000000e+03 1.240781025708807582e-07
