6.000000000000000000e+02 1.236322339455662284e-07
8.000000000000000000e+02 1.239458458908055822e-07
9.000000000000000000e+02 1.244328756385318001e-07
1.000000000000000000e+03 1.259414559569130642e-07
1.050000000000000000e+03 1.279969474821838260e-07
1.100000000000000000e+03 1.330566282389621810e-07
1.120000000000000000e+03 1.368790263005828028e-07
1.140000000000000000e+03 1.418561445310678363e-07
1.150000000000000000e+03 1.442548663351235106e-07
1.160000000000000000e+03 1.459586124440472675e-07
1.170000000000000000e+03 1.464280220029409974e-07
1.180000000000000000e+03 1.454482558689283437e-07
1.200000000000000000e+03 1.405801924888303509e-07
1.250000000000000000e+03 1.301397966725001943e-07
1.300000000000000000e+03 1.264604351867116564e-07
1.400000000000000000e+03 1.245508947581203759e-07
1.500000000000000000e+03 1.241379351497948108e-07
1.600000000000000000e+03 1.240033712320517677e-07
1.700000000000000000e+03 1.239789659116712557e-07
1.800000000000000000e+03 1.239647599849788119e-07
