6.000000000000000000e+02 1.267190148410439570e-07
8.000000000000000000e+02 1.267256155999470564e-07
9.000000000000000000e+02 1.267354553621223203e-07
1.000000000000000000e+03 1.267657547454299351e-07
1.050000000000000000e+03 1.268064454354949525e-07
1.100000000000000000e+03 1.269395176376922934e-07
1.120000000000000000e+03 1.270802776075605561e-07
1.140000000000000000e+03 1.273606414191761638e-07
1.150000000000000000e+03 1.275816613273610800e-07
1.160000000000000000e+03 1.278309449006036092e-07
1.170000000000000000e+03 1.279936867143850999e-07
1.180000000000000000e+03 1.279378272118284859e-07
1.200000000000000000e+03 1.274445276799633404e-07
1.250000000000000000e+03 1.268854498851594637e-07
1.300000000000000000e+03 1.267808838754508509e-07
1.400000000000000000e+03 1.267369042385991503e-07
1.500000000000000000e+03 1.267285693554976048e-07
1.600000000000000000e+03 1.267263007469904639e-07
1.700000000000000000e+03 1.267259969889298700e-07
1.800000000000000000e+03 1.267261483469197079e-07
