6.000000000000000000e+02 1.222362059049398114e-07
8.000000000000000000e+02 1.234602474932945360e-07
9.000000000000000000e+02 1.253855744725162958e-07
1.000000000000000000e+03 1.305367466756872922e-07
1.050000000000000000e+03 1.363007662489274410e-07
1.100000000000000000e+03 1.455084464574069086e-07
1.120000000000000000e+03 1.495774340860373478e-07
1.140000000000000000e+03 1.526517843172604983e-07
1.150000000000000000e+03 1.534372909557920497e-07
1.160000000000000000e+03 1.535640211157719417e-07
1.170000000000000000e+03 1.529967304687755120e-07
1.180000000000000000e+03 1.517867222215653748e-07
1.200000000000000000e+03 1.479768111551368419e-07
1.250000000000000000e+03 1.372260693978763094e-07
1.300000000000000000e+03 1.305533841890502706e-07
1.400000000000000000e+03 1.254935220409584487e-07
1.500000000000000000e+03 1.240736498517591004e-07
1.600000000000000000e+03 1.236747569497940470e-07
1.700000000000000000e+03 1.233329497787643518e-07
1.800000000000000000e+03 1.237812824239806798e-07
