6.000000000000000000e+02 1.331445320334019917e-07
8.000000000000000000e+02 1.336256548667243164e-07
9.000000000000000000e+02 1.344250914370885886e-07
1.000000000000000000e+03 1.368991462208538494e-07
1.050000000000000000e+03 1.402970352953901640e-07
1.100000000000000000e+03 1.487282189647394283e-07
1.120000000000000000e+03 1.551495768005382038e-07
1.140000000000000000e+03 1.636069238110320642e-07
1.150000000000000000e+03 1.677975304264622628e-07
1.160000000000000000e+03 1.709160141126782431e-07
1.170000000000000000e+03 1.720158806795379372e-07
1.180000000000000000e+03 1.706427386471752626e-07
1.200000000000000000e+03 1.626240587281234573e-07
1.250000000000000000e+03 1.445133310005072682e-07
1.300000000000000000e+03 1.380230223103074414e-07
1.400000000000000000e+03 1.346205295715890133e-07
1.500000000000000000e+03 1.338529944897983691e-07
1.600000000000000000e+03 1.336017385818484614e-07
1.700000000000000000e+03 1.335376998249969693e-07
1.800000000000000000e+03 1.335164716228811929e-07
