6.000000000000000000e+02 1.266105764434383098e-07
8.000000000000000000e+02 1.267010070105760167e-07
9.000000000000000000e+02 1.268464829381720756e-07
1.000000000000000000e+03 1.273124085426044552e-07
1.050000000000000000e+03 1.279865875505925425e-07
1.100000000000000000e+03 1.299427828860701192e-07
1.120000000000000000e+03 1.318283544107176152e-07
1.140000000000000000e+03 1.350981161771298164e-07
1.150000000000000000e+03 1.372912344432001000e-07
1.160000000000000000e+03 1.393912980130649568e-07
1.170000000000000000e+03 1.405021809408079260e-07
1.180000000000000000e+03 1.399059575245194997e-07
1.200000000000000000e+03 1.355422792447696154e-07
1.250000000000000000e+03 1.290726058264255127e-07
1.300000000000000000e+03 1.275623556771951965e-07
1.400000000000000000e+03 1.268848868601237598e-07
1.500000000000000000e+03 1.267491909120848592e-07
1.600000000000000000e+03 1.267074906394693251e-07
1.700000000000000000e+03 1.266972498665619432e-07
1.800000000000000000e+03 1.266948063709980436e-07
