6.000000000000000000e+02 1.263383931752439425e-07
8.000000000000000000e+02 1.273836745453407288e-07
9.000000000000000000e+02 1.285761349187453067e-07
1.000000000000000000e+03 1.305392647869075376e-07
1.050000000000000000e+03 1.318264330575559825e-07
1.100000000000000000e+03 1.332138887171027865e-07
1.120000000000000000e+03 1.337556849171386766e-07
1.140000000000000000e+03 1.342660098392087705e-07
1.150000000000000000e+03 1.345039770044377319e-07
1.160000000000000000e+03 1.347275555913050060e-07
1.170000000000000000e+03 1.349346421199807697e-07
1.180000000000000000e+03 1.351235855170290595e-07
1.200000000000000000e+03 1.354401258443819233e-07
1.250000000000000000e+03 1.358314509810879135e-07
1.300000000000000000e+03 1.356620432656240642e-07
1.400000000000000000e+03 1.342828860289634931e-07
1.500000000000000000e+03 1.326351633487534598e-07
1.600000000000000000e+03 1.313037899351026400e-07
1.700000000000000000e+03 1.303380381015888877e-07
1.800000000000000000e+03 1.296483707166822954e-07
