6.000000000000000000e+02 1.262587225664428179e-07
8.000000000000000000e+02 1.265999197945081226e-07
9.000000000000000000e+02 1.271253628476601865e-07
1.000000000000000000e+03 1.283734686692842854e-07
1.050000000000000000e+03 1.294363148066245218e-07
1.100000000000000000e+03 1.304733349138654088e-07
1.120000000000000000e+03 1.307161820594597433e-07
1.140000000000000000e+03 1.307758877398178920e-07
1.150000000000000000e+03 1.307302228818373106e-07
1.160000000000000000e+03 1.306346359109898682e-07
1.170000000000000000e+03 1.304944949668625882e-07
1.180000000000000000e+03 1.303168265114361036e-07
1.200000000000000000e+03 1.298842232281843118e-07
1.250000000000000000e+03 1.287171701968189133e-07
1.300000000000000000e+03 1.279346867917064356e-07
1.400000000000000000e+03 1.270177541116063190e-07
1.500000000000000000e+03 1.267809362220815914e-07
1.600000000000000000e+03 1.266804537424819986e-07
1.700000000000000000e+03 1.267192268476192104e-07
1.800000000000000000e+03 1.268836164653360485e-07
