6.000000000000000000e+02 1.263307528256192613e-07
8.000000000000000000e+02 1.272983200994335440e-07
9.000000000000000000e+02 1.286768831290956369e-07
1.000000000000000000e+03 1.317601065919135295e-07
1.050000000000000000e+03 1.344628295909922708e-07
1.100000000000000000e+03 1.379855397649628638e-07
1.120000000000000000e+03 1.394509432268491354e-07
1.140000000000000000e+03 1.407793009034461315e-07
1.150000000000000000e+03 1.413457008135067190e-07
1.160000000000000000e+03 1.418222356538029637e-07
1.170000000000000000e+03 1.421934052216945370e-07
1.180000000000000000e+03 1.424470188989780012e-07
1.200000000000000000e+03 1.425801252219443113e-07
1.250000000000000000e+03 1.410096805054674082e-07
1.300000000000000000e+03 1.381562347249792962e-07
1.400000000000000000e+03 1.334021225218110058e-07
1.500000000000000000e+03 1.308362853732569226e-07
1.600000000000000000e+03 1.294864640395038841e-07
1.700000000000000000e+03 1.287221256517001976e-07
1.800000000000000000e+03 1.282560478537256645e-07
