6.000000000000000000e+02 1.262736060279871165e-07
8.000000000000000000e+02 1.267884771237584685e-07
9.000000000000000000e+02 1.276345274636056654e-07
1.000000000000000000e+03 1.302112235953109966e-07
1.050000000000000000e+03 1.337732918603697586e-07
1.100000000000000000e+03 1.425688633746894086e-07
1.120000000000000000e+03 1.491669794262653915e-07
1.140000000000000000e+03 1.577739943475662571e-07
1.150000000000000000e+03 1.621533679001000816e-07
1.160000000000000000e+03 1.656872248710260143e-07
1.170000000000000000e+03 1.675241273988146065e-07
1.180000000000000000e+03 1.671235221060111444e-07
1.200000000000000000e+03 1.606720941341910040e-07
1.250000000000000000e+03 1.416821889478529544e-07
1.300000000000000000e+03 1.336239940993571077e-07
1.400000000000000000e+03 1.289245250125193807e-07
1.500000000000000000e+03 1.276872122948784520e-07
1.600000000000000000e+03 1.272269955602891468e-07
1.700000000000000000e+03 1.270216291055325645e-07
1.800000000000000000e+03 1.269218227476346825e-07
