6.000000000000000000e+02 1.262575413955572600e-07
8.000000000000000000e+02 1.266139823848330999e-07
9.000000000000000000e+02 1.271811922873386831e-07
1.000000000000000000e+03 1.289302964178777146e-07
1.050000000000000000e+03 1.311460068953586622e-07
1.100000000000000000e+03 1.357720609342236194e-07
1.120000000000000000e+03 1.387893122415797586e-07
1.140000000000000000e+03 1.415596170449998085e-07
1.150000000000000000e+03 1.427311083461548675e-07
1.160000000000000000e+03 1.432891612599988363e-07
1.170000000000000000e+03 1.432140377915242872e-07
1.180000000000000000e+03 1.424922436846125113e-07
1.200000000000000000e+03 1.397818532275181550e-07
1.250000000000000000e+03 1.326210151827567899e-07
1.300000000000000000e+03 1.293596784628513187e-07
1.400000000000000000e+03 1.272776291553008314e-07
1.500000000000000000e+03 1.268281830777701494e-07
1.600000000000000000e+03 1.266386759091288389e-07
1.700000000000000000e+03 1.266424583359176204e-07
1.800000000000000000e+03 1.266030478664549865e-07
