6.000000000000000000e+02 1.241097877765758592e-07
8.000000000000000000e+02 1.241158097451576674e-07
9.000000000000000000e+02 1.241275127689480650e-07
1.000000000000000000e+03 1.241604947311115254e-07
1.050000000000000000e+03 1.242085944807452558e-07
1.100000000000000000e+03 1.243321461272611199e-07
1.120000000000000000e+03 1.244298508213242747e-07
1.140000000000000000e+03 1.245644499860790076e-07
1.150000000000000000e+03 1.246363241619568446e-07
1.160000000000000000e+03 1.246957215091471511e-07
1.170000000000000000e+03 1.247271874933280482e-07
1.180000000000000000e+03 1.247199772616631057e-07
1.200000000000000000e+03 1.246108573353238406e-07
1.250000000000000000e+03 1.243179423982530442e-07
1.300000000000000000e+03 1.242056851356427869e-07
1.400000000000000000e+03 1.241429631221500920e-07
1.500000000000000000e+03 1.241269482720941741e-07
1.600000000000000000e+03 1.241211288245167912e-07
1.700000000000000000e+03 1.241183806067513545e-07
1.800000000000000000e+03 1.241172075009524461e-07
