6.000000000000000000e+02 1.200650998320293983e-07
8.000000000000000000e+02 1.215241612323185043e-07
9.000000000000000000e+02 1.238198511380616540e-07
1.000000000000000000e+03 1.305493485019796022e-07
1.050000000000000000e+03 1.393162751673314314e-07
1.100000000000000000e+03 1.586490685434513513e-07
1.120000000000000000e+03 1.712414890079341758e-07
1.140000000000000000e+03 1.855196315050644063e-07
1.150000000000000000e+03 1.919054207703928620e-07
1.160000000000000000e+03 1.965667878232687869e-07
1.170000000000000000e+03 1.986090866021643211e-07
1.180000000000000000e+03 1.975845626219894799e-07
1.200000000000000000e+03 1.877918718657957067e-07
1.250000000000000000e+03 1.552407306544560430e-07
1.300000000000000000e+03 1.382799153320121139e-07
1.400000000000000000e+03 1.271609823640541756e-07
1.500000000000000000e+03 1.240752660085739749e-07
1.600000000000000000e+03 1.229212911283755089e-07
1.700000000000000000e+03 1.224078571121844886e-07
1.800000000000000000e+03 1.221560245649232572e-07
