6.000000000000000000e+02 1.335450443634760485e-07
8.000000000000000000e+02 1.335877450933915429e-07
9.000000000000000000e+02 1.336609217912103521e-07
1.000000000000000000e+03 1.338883939941427282e-07
1.050000000000000000e+03 1.342100786318984640e-07
1.100000000000000000e+03 1.350374293239499886e-07
1.120000000000000000e+03 1.356924016296447675e-07
1.140000000000000000e+03 1.365999959842404799e-07
1.150000000000000000e+03 1.370901377386914108e-07
1.160000000000000000e+03 1.375063807688126997e-07
1.170000000000000000e+03 1.377411987414137018e-07
1.180000000000000000e+03 1.377176674591650985e-07
1.200000000000000000e+03 1.370075564590606321e-07
1.250000000000000000e+03 1.350008297041572502e-07
1.300000000000000000e+03 1.342166375039885974e-07
1.400000000000000000e+03 1.337780238029561313e-07
1.500000000000000000e+03 1.336642664723294839e-07
1.600000000000000000e+03 1.336218073884108937e-07
1.700000000000000000e+03 1.336027354266741333e-07
1.800000000000000000e+03 1.335935970977827728e-07
