6.000000000000000000e+02 1.298652107929523016e-07
8.000000000000000000e+02 1.298738968326276519e-07
9.000000000000000000e+02 1.298899754074963500e-07
1.000000000000000000e+03 1.299372845702328027e-07
1.050000000000000000e+03 1.300056850318739574e-07
1.100000000000000000e+03 1.301820035997264631e-07
1.120000000000000000e+03 1.303219893333076306e-07
1.140000000000000000e+03 1.305167932558712563e-07
1.150000000000000000e+03 1.306213751233950178e-07
1.160000000000000000e+03 1.307096882588799935e-07
1.170000000000000000e+03 1.307587927643753162e-07
1.180000000000000000e+03 1.307522114905439141e-07
1.200000000000000000e+03 1.305983130724603199e-07
1.250000000000000000e+03 1.301716169060683040e-07
1.300000000000000000e+03 1.300058522498555541e-07
1.400000000000000000e+03 1.299134760646914924e-07
1.500000000000000000e+03 1.298897304896138232e-07
1.600000000000000000e+03 1.298809661115504863e-07
1.700000000000000000e+03 1.298768417974462335e-07
1.800000000000000000e+03 1.298750171747954118e-07
