6.000000000000000000e+02 1.249864643593502808e-07
8.000000000000000000e+02 1.269951271493574692e-07
9.000000000000000000e+02 1.302957218938507988e-07
1.000000000000000000e+03 1.400750726329598075e-07
1.050000000000000000e+03 1.528577504930367799e-07
1.100000000000000000e+03 1.811181578119061548e-07
1.120000000000000000e+03 1.995991622806115779e-07
1.140000000000000000e+03 2.207157007092891371e-07
1.150000000000000000e+03 2.302823141355073494e-07
1.160000000000000000e+03 2.374049102445122251e-07
1.170000000000000000e+03 2.407412993800059504e-07
1.180000000000000000e+03 2.395729174622622626e-07
1.200000000000000000e+03 2.256132844408647088e-07
1.250000000000000000e+03 1.774441345482613123e-07
1.300000000000000000e+03 1.520049708598993651e-07
1.400000000000000000e+03 1.352201148714866089e-07
1.500000000000000000e+03 1.305096513667412580e-07
1.600000000000000000e+03 1.287195293451770856e-07
1.700000000000000000e+03 1.279119777293933158e-07
1.800000000000000000e+03 1.275180039622468469e-07
