6.000000000000000000e+02 1.282604787348995479e-07
8.000000000000000000e+02 1.306036220108228060e-07
9.000000000000000000e+02 1.345016946734613883e-07
1.000000000000000000e+03 1.460925965447531466e-07
1.050000000000000000e+03 1.612596182960587608e-07
1.100000000000000000e+03 1.948158467460122108e-07
1.120000000000000000e+03 2.167900366658255701e-07
1.140000000000000000e+03 2.419714262340237950e-07
1.150000000000000000e+03 2.534399859677585648e-07
1.160000000000000000e+03 2.620491306847251966e-07
1.170000000000000000e+03 2.661912892761651338e-07
1.180000000000000000e+03 2.649829113906637772e-07
1.200000000000000000e+03 2.486236155054788191e-07
1.250000000000000000e+03 1.911685796309517893e-07
1.300000000000000000e+03 1.606227458376964437e-07
1.400000000000000000e+03 1.404106501621240914e-07
1.500000000000000000e+03 1.347104840169258378e-07
1.600000000000000000e+03 1.325335967223295318e-07
1.700000000000000000e+03 1.315470006713181394e-07
1.800000000000000000e+03 1.310657539534036305e-07
