6.000000000000000000e+02 1.331819628624889184e-07
8.000000000000000000e+02 1.338775889470555645e-07
9.000000000000000000e+02 1.350476026500381422e-07
1.000000000000000000e+03 1.386320120764442047e-07
1.050000000000000000e+03 1.436012189717104398e-07
1.100000000000000000e+03 1.558879357772072322e-07
1.120000000000000000e+03 1.651248768853278012e-07
1.140000000000000000e+03 1.772370740492739625e-07
1.150000000000000000e+03 1.834601220340316353e-07
1.160000000000000000e+03 1.885579167338383227e-07
1.170000000000000000e+03 1.913246836793570206e-07
1.180000000000000000e+03 1.909581008595454773e-07
1.200000000000000000e+03 1.821181389220623193e-07
1.250000000000000000e+03 1.551879929522343570e-07
1.300000000000000000e+03 1.436448854384933858e-07
1.400000000000000000e+03 1.368920805688564002e-07
1.500000000000000000e+03 1.351013750872366085e-07
1.600000000000000000e+03 1.344296325623620169e-07
1.700000000000000000e+03 1.341270825268190239e-07
1.800000000000000000e+03 1.339805282986425840e-07
