6.000000000000000000e+02 1.334701497050938376e-07
8.000000000000000000e+02 1.336453348887562522e-07
9.000000000000000000e+02 1.339394901008100463e-07
1.000000000000000000e+03 1.348477441582983234e-07
1.050000000000000000e+03 1.361262007416739021e-07
1.100000000000000000e+03 1.393867320320331548e-07
1.120000000000000000e+03 1.419395753870832367e-07
1.140000000000000000e+03 1.454338963474505033e-07
1.150000000000000000e+03 1.473013775093679159e-07
1.160000000000000000e+03 1.488744271678428085e-07
1.170000000000000000e+03 1.497543722317698716e-07
1.180000000000000000e+03 1.496607191010646814e-07
1.200000000000000000e+03 1.469677541803933518e-07
1.250000000000000000e+03 1.392297580881041376e-07
1.300000000000000000e+03 1.361462324233961964e-07
1.400000000000000000e+03 1.344058537165449695e-07
1.500000000000000000e+03 1.339523813030431493e-07
1.600000000000000000e+03 1.337828853001323943e-07
1.700000000000000000e+03 1.337068531015961131e-07
1.800000000000000000e+03 1.336701708165038282e-07
