6.000000000000000000e+02 1.222609655276225577e-07
8.000000000000000000e+02 1.239767939449429307e-07
9.000000000000000000e+02 1.267441370667042488e-07
1.000000000000000000e+03 1.349039309466462046e-07
1.050000000000000000e+03 1.455560783268756540e-07
1.100000000000000000e+03 1.690811886309804362e-07
1.120000000000000000e+03 1.844384242274095558e-07
1.140000000000000000e+03 2.019241944392967150e-07
1.150000000000000000e+03 2.097980269716286867e-07
1.160000000000000000e+03 2.156065600600673398e-07
1.170000000000000000e+03 2.182444749113188346e-07
1.180000000000000000e+03 2.171390264424417156e-07
1.200000000000000000e+03 2.053684607228032479e-07
1.250000000000000000e+03 1.654926226398333792e-07
1.300000000000000000e+03 1.445746799996561177e-07
1.400000000000000000e+03 1.308151894498387052e-07
1.500000000000000000e+03 1.269733263541695417e-07
1.600000000000000000e+03 1.255244140646806262e-07
1.700000000000000000e+03 1.248728597067616448e-07
1.800000000000000000e+03 1.245569857475004549e-07
