6.000000000000000000e+02 1.335633178872950981e-07
8.000000000000000000e+02 1.335735782704399184e-07
9.000000000000000000e+02 1.335923028541411747e-07
1.000000000000000000e+03 1.336479982860142795e-07
1.050000000000000000e+03 1.337283686956557747e-07
1.100000000000000000e+03 1.339360079630489734e-07
1.120000000000000000e+03 1.341007966773463261e-07
1.140000000000000000e+03 1.343300242466287504e-07
1.150000000000000000e+03 1.344542085962984704e-07
1.160000000000000000e+03 1.345599455983480651e-07
1.170000000000000000e+03 1.346199151157182595e-07
1.180000000000000000e+03 1.346142565534828987e-07
1.200000000000000000e+03 1.344346401482116713e-07
1.250000000000000000e+03 1.339279973901142279e-07
1.300000000000000000e+03 1.337306476340087252e-07
1.400000000000000000e+03 1.336205627276896862e-07
1.500000000000000000e+03 1.335922039781697060e-07
1.600000000000000000e+03 1.335816450996174478e-07
1.700000000000000000e+03 1.335767215042212428e-07
1.800000000000000000e+03 1.335744882870388183e-07
