6.000000000000000000e+02 1.215186431234766181e-07
8.000000000000000000e+02 1.218930222017272148e-07
9.000000000000000000e+02 1.224813579553552210e-07
1.000000000000000000e+03 1.242538622345882607e-07
1.050000000000000000e+03 1.266950221181053617e-07
1.100000000000000000e+03 1.327064406420184743e-07
1.120000000000000000e+03 1.371990902534207886e-07
1.140000000000000000e+03 1.430148727290258252e-07
1.150000000000000000e+03 1.459366997095805021e-07
1.160000000000000000e+03 1.482500969177134509e-07
1.170000000000000000e+03 1.493861866159183911e-07
1.180000000000000000e+03 1.490059916377213368e-07
1.200000000000000000e+03 1.445234179817545504e-07
1.250000000000000000e+03 1.318060837262584029e-07
1.300000000000000000e+03 1.264619797347919904e-07
1.400000000000000000e+03 1.233545344398940795e-07
1.500000000000000000e+03 1.225449902119701604e-07
1.600000000000000000e+03 1.222480251804916652e-07
1.700000000000000000e+03 1.221180649228784504e-07
1.800000000000000000e+03 1.220552075758577843e-07
