6.000000000000000000e+02 1.236360806406177233e-07
8.000000000000000000e+02 1.240763963421967969e-07
9.000000000000000000e+02 1.247854349039689681e-07
1.000000000000000000e+03 1.269352443619147616e-07
1.050000000000000000e+03 1.299024038292233121e-07
1.100000000000000000e+03 1.372202981749881159e-07
1.120000000000000000e+03 1.427013665390370828e-07
1.140000000000000000e+03 1.498256089311302844e-07
1.150000000000000000e+03 1.534289312130335026e-07
1.160000000000000000e+03 1.563109821174444965e-07
1.170000000000000000e+03 1.577701298429307475e-07
1.180000000000000000e+03 1.573739531053263286e-07
1.200000000000000000e+03 1.519596586521073155e-07
1.250000000000000000e+03 1.363084781036528169e-07
1.300000000000000000e+03 1.296991453149752883e-07
1.400000000000000000e+03 1.258515301622592162e-07
1.500000000000000000e+03 1.248430106069985916e-07
1.600000000000000000e+03 1.244696677323070051e-07
1.700000000000000000e+03 1.243040657673108119e-07
1.800000000000000000e+03 1.242247000582382658e-07
