6.000000000000000000e+02 1.239945885969917930e-07
8.000000000000000000e+02 1.241054479267193904e-07
9.000000000000000000e+02 1.242837321355432283e-07
1.000000000000000000e+03 1.248285526199111492e-07
1.050000000000000000e+03 1.255918273535736396e-07
1.100000000000000000e+03 1.275327068087995213e-07
1.120000000000000000e+03 1.290465786391519593e-07
1.140000000000000000e+03 1.311002490432134299e-07
1.150000000000000000e+03 1.321810910779111990e-07
1.160000000000000000e+03 1.330699507810744292e-07
1.170000000000000000e+03 1.335347824354380795e-07
1.180000000000000000e+03 1.334241745382608110e-07
1.200000000000000000e+03 1.317829768131229380e-07
1.250000000000000000e+03 1.273053920737086284e-07
1.300000000000000000e+03 1.255437592210622072e-07
1.400000000000000000e+03 1.245526087743937553e-07
1.500000000000000000e+03 1.242972861238342546e-07
1.600000000000000000e+03 1.242034435339394832e-07
1.700000000000000000e+03 1.241617969181128534e-07
1.800000000000000000e+03 1.241418003524866894e-07
