6.000000000000000000e+02 1.298454470992234405e-07
8.000000000000000000e+02 1.298813958304145317e-07
9.000000000000000000e+02 1.299443485033182870e-07
1.000000000000000000e+03 1.301381269210043916e-07
1.050000000000000000e+03 1.304118192296910313e-07
1.100000000000000000e+03 1.311155702470966858e-07
1.120000000000000000e+03 1.316719360097394451e-07
1.140000000000000000e+03 1.324408794469542449e-07
1.150000000000000000e+03 1.328544015996589653e-07
1.160000000000000000e+03 1.332031483693789576e-07
1.170000000000000000e+03 1.333961162089303473e-07
1.180000000000000000e+03 1.333696359860724347e-07
1.200000000000000000e+03 1.327608686874673233e-07
1.250000000000000000e+03 1.310690158047186707e-07
1.300000000000000000e+03 1.304106182718555747e-07
1.400000000000000000e+03 1.300425877530287337e-07
1.500000000000000000e+03 1.299475168493813837e-07
1.600000000000000000e+03 1.299121621100295377e-07
1.700000000000000000e+03 1.298963213814807037e-07
1.800000000000000000e+03 1.298886988134558687e-07
