6.000000000000000000e+02 1.219910886838492692e-07
8.000000000000000000e+02 1.220140097183501430e-07
9.000000000000000000e+02 1.220510756912713104e-07
1.000000000000000000e+03 1.221635543596209979e-07
1.050000000000000000e+03 1.223213704174983238e-07
1.100000000000000000e+03 1.227257091637338640e-07
1.120000000000000000e+03 1.230440555273583331e-07
1.140000000000000000e+03 1.234793122784926907e-07
1.150000000000000000e+03 1.237092420034833872e-07
1.160000000000000000e+03 1.238979781728561196e-07
1.170000000000000000e+03 1.239946928032172438e-07
1.180000000000000000e+03 1.239668774232560025e-07
1.200000000000000000e+03 1.236100759316231504e-07
1.250000000000000000e+03 1.226697921114062061e-07
1.300000000000000000e+03 1.223077519570476601e-07
1.400000000000000000e+03 1.221063510688227747e-07
1.500000000000000000e+03 1.220551446833541365e-07
1.600000000000000000e+03 1.220363670714551994e-07
1.700000000000000000e+03 1.220280834818379437e-07
1.800000000000000000e+03 1.220242266223734265e-07
