6.000000000000000000e+02 1.297638576230849871e-07
8.000000000000000000e+02 1.299150068657008165e-07
9.000000000000000000e+02 1.301663662229664480e-07
1.000000000000000000e+03 1.309402972992611064e-07
1.050000000000000000e+03 1.320282075931021899e-07
1.100000000000000000e+03 1.348008074827838241e-07
1.120000000000000000e+03 1.369696277240602922e-07
1.140000000000000000e+03 1.399311495140438299e-07
1.150000000000000000e+03 1.415068284976143956e-07
1.160000000000000000e+03 1.428247755120157609e-07
1.170000000000000000e+03 1.435476952746591034e-07
1.180000000000000000e+03 1.434433350241302948e-07
1.200000000000000000e+03 1.411335663001212820e-07
1.250000000000000000e+03 1.346071269849448559e-07
1.300000000000000000e+03 1.320176762469674648e-07
1.400000000000000000e+03 1.305577559407444455e-07
1.500000000000000000e+03 1.301784869990875958e-07
1.600000000000000000e+03 1.300374441216675322e-07
1.700000000000000000e+03 1.299743022366766028e-07
1.800000000000000000e+03 1.299437595533403545e-07
