6.000000000000000000e+02 1.240856984988457671e-07
8.000000000000000000e+02 1.241127776090008662e-07
9.000000000000000000e+02 1.241575043848463158e-07
1.000000000000000000e+03 1.242939742068513215e-07
1.050000000000000000e+03 1.244859307893496376e-07
1.100000000000000000e+03 1.249783150678922586e-07
1.120000000000000000e+03 1.253665799089538830e-07
1.140000000000000000e+03 1.258998703891399995e-07
1.150000000000000000e+03 1.261834970046613434e-07
1.160000000000000000e+03 1.264187514240601483e-07
1.170000000000000000e+03 1.265429502367887495e-07
1.180000000000000000e+03 1.265145273789511021e-07
1.200000000000000000e+03 1.260823532382319211e-07
1.250000000000000000e+03 1.249225676523040206e-07
1.300000000000000000e+03 1.244747868749431320e-07
1.400000000000000000e+03 1.242249736700131433e-07
1.500000000000000000e+03 1.241610611265986085e-07
1.600000000000000000e+03 1.241375353910760947e-07
1.700000000000000000e+03 1.241270239495985135e-07
1.800000000000000000e+03 1.241220776579503311e-07
