6.000000000000000000e+02 1.220164480219334246e-07
8.000000000000000000e+02 1.220213285285791614e-07
9.000000000000000000e+02 1.220311721865026041e-07
1.000000000000000000e+03 1.220580328159692617e-07
1.050000000000000000e+03 1.220975802971768750e-07
1.100000000000000000e+03 1.221994976540608664e-07
1.120000000000000000e+03 1.222795667428645387e-07
1.140000000000000000e+03 1.223893355777270497e-07
1.150000000000000000e+03 1.224473099053960787e-07
1.160000000000000000e+03 1.224949383739359289e-07
1.170000000000000000e+03 1.225196035211723617e-07
1.180000000000000000e+03 1.225125579275370110e-07
1.200000000000000000e+03 1.224217000459099861e-07
1.250000000000000000e+03 1.221847873422877612e-07
1.300000000000000000e+03 1.220940783756703085e-07
1.400000000000000000e+03 1.220433725668644675e-07
1.500000000000000000e+03 1.220305749087642907e-07
1.600000000000000000e+03 1.220259835936267372e-07
1.700000000000000000e+03 1.220237585562917240e-07
1.800000000000000000e+03 1.220228692408618999e-07
