6.000000000000000000e+02 1.266110647278429064e-07
8.000000000000000000e+02 1.267409287139641110e-07
9.000000000000000000e+02 1.269536096694361556e-07
1.000000000000000000e+03 1.276065438875542050e-07
1.050000000000000000e+03 1.285228612179289686e-07
1.100000000000000000e+03 1.308560052982310186e-07
1.120000000000000000e+03 1.326788241151985090e-07
1.140000000000000000e+03 1.351605649215840840e-07
1.150000000000000000e+03 1.364741237944510522e-07
1.160000000000000000e+03 1.375641558712532257e-07
1.170000000000000000e+03 1.381488837637646066e-07
1.180000000000000000e+03 1.380394886081562686e-07
1.200000000000000000e+03 1.360803423496600262e-07
1.250000000000000000e+03 1.306393810021489375e-07
1.300000000000000000e+03 1.284900260108013338e-07
1.400000000000000000e+03 1.272793413654109967e-07
1.500000000000000000e+03 1.269660446366152469e-07
1.600000000000000000e+03 1.268501616827204960e-07
1.700000000000000000e+03 1.267984140281365431e-07
1.800000000000000000e+03 1.267734734154177153e-07
