6.000000000000000000e+02 1.266971270766251650e-07
8.000000000000000000e+02 1.267290177561004447e-07
9.000000000000000000e+02 1.267822185733022066e-07
1.000000000000000000e+03 1.269458583416732304e-07
1.050000000000000000e+03 1.271764046538532497e-07
1.100000000000000000e+03 1.277683868528236155e-07
1.120000000000000000e+03 1.282359397609428227e-07
1.140000000000000000e+03 1.288803046125039147e-07
1.150000000000000000e+03 1.292250249118459779e-07
1.160000000000000000e+03 1.295134848532209582e-07
1.170000000000000000e+03 1.296696300829040680e-07
1.180000000000000000e+03 1.296416732399276100e-07
1.200000000000000000e+03 1.291255909066062925e-07
1.250000000000000000e+03 1.277157722166735661e-07
1.300000000000000000e+03 1.271691421235622060e-07
1.400000000000000000e+03 1.268640121785292476e-07
1.500000000000000000e+03 1.267855672202976512e-07
1.600000000000000000e+03 1.267565142026924022e-07
1.700000000000000000e+03 1.267434912460573998e-07
1.800000000000000000e+03 1.267372923343146455e-07
