6.000000000000000000e+02 1.218955276843595284e-07
8.000000000000000000e+02 1.219897201231468769e-07
9.000000000000000000e+02 1.221375507843753926e-07
1.000000000000000000e+03 1.225868335413624611e-07
1.050000000000000000e+03 1.232142690227044572e-07
1.100000000000000000e+03 1.248081961582869374e-07
1.120000000000000000e+03 1.260493177353363316e-07
1.140000000000000000e+03 1.277260771586986138e-07
1.150000000000000000e+03 1.286022073118807991e-07
1.160000000000000000e+03 1.293155244642871987e-07
1.170000000000000000e+03 1.296777950899441282e-07
1.180000000000000000e+03 1.295701601724160044e-07
1.200000000000000000e+03 1.282138039904762423e-07
1.250000000000000000e+03 1.245812805243775891e-07
1.300000000000000000e+03 1.231577425848308682e-07
1.400000000000000000e+03 1.223578045297004378e-07
1.500000000000000000e+03 1.221528767864381645e-07
1.600000000000000000e+03 1.220781892948716643e-07
1.700000000000000000e+03 1.220453019500311332e-07
1.800000000000000000e+03 1.220296473243147060e-07
