6.000000000000000000e+02 1.321035134627829191e-07
8.000000000000000000e+02 1.348192127754809896e-07
9.000000000000000000e+02 1.393811803334017636e-07
1.000000000000000000e+03 1.529829880037962928e-07
1.050000000000000000e+03 1.707968753196356786e-07
1.100000000000000000e+03 2.102232301973848054e-07
1.120000000000000000e+03 2.360665172750833071e-07
1.140000000000000000e+03 2.657543045339571850e-07
1.150000000000000000e+03 2.793375234297452626e-07
1.160000000000000000e+03 2.896090933678524356e-07
1.170000000000000000e+03 2.946681408768886950e-07
1.180000000000000000e+03 2.934437071447080745e-07
1.200000000000000000e+03 2.744808751054641825e-07
1.250000000000000000e+03 2.067328287258925588e-07
1.300000000000000000e+03 1.704741581374956943e-07
1.400000000000000000e+03 1.464143480681785241e-07
1.500000000000000000e+03 1.396011758932545360e-07
1.600000000000000000e+03 1.369874205423873793e-07
1.700000000000000000e+03 1.357996565681209669e-07
1.800000000000000000e+03 1.352178628449342007e-07
