6.000000000000000000e+02 1.294496745280566643e-07
8.000000000000000000e+02 1.300504854920862150e-07
9.000000000000000000e+02 1.310495384093205626e-07
1.000000000000000000e+03 1.341040283620899784e-07
1.050000000000000000e+03 1.383329694892651483e-07
1.100000000000000000e+03 1.487832469949468518e-07
1.120000000000000000e+03 1.566324741127869581e-07
1.140000000000000000e+03 1.669001521703387900e-07
1.150000000000000000e+03 1.721520690429319484e-07
1.160000000000000000e+03 1.764239906211286867e-07
1.170000000000000000e+03 1.786961273705933107e-07
1.180000000000000000e+03 1.783047679304227943e-07
1.200000000000000000e+03 1.707105855226264778e-07
1.250000000000000000e+03 1.479646839140858521e-07
1.300000000000000000e+03 1.382644830330800296e-07
1.400000000000000000e+03 1.325978951966268901e-07
1.500000000000000000e+03 1.311011164280226105e-07
1.600000000000000000e+03 1.305410880103204139e-07
1.700000000000000000e+03 1.302898644559244773e-07
1.800000000000000000e+03 1.301679231470601562e-07
